t;x;vx;ax;frame;px;K;
0,000;0,213;;;140;;
0,017;0,214;4,539E-2;;141;4,539E-2;1,043E-3
0,033;0,215;5,799E-2;-0,216;142;5,799E-2;1,710E-3
0,050;0,215;3,278E-2;-1,167;143;3,278E-2;5,658E-4
0,067;0,216;1,765E-2;-0,735;144;1,765E-2;1,558E-4
0,083;0,216;1,009E-2;-0,173;145;1,009E-2;5,086E-5
0,100;0,216;1,009E-2;0,346;146;1,009E-2;5,404E-5
0,117;0,216;2,269E-2;0,303;147;2,269E-2;2,607E-4
0,133;0,217;2,269E-2;-0,130;148;2,269E-2;2,702E-4
0,150;0,217;1,513E-2;-0,259;149;1,513E-2;1,144E-4
0,167;0,217;1,513E-2;-0,259;150;1,513E-2;1,144E-4
0,183;0,218;7,564E-3;-0,303;151;7,564E-3;2,861E-5
0,200;0,218;2,521E-3;-4,322E-2;152;2,521E-3;3,179E-6
0,217;0,218;7,564E-3;4,322E-2;153;7,564E-3;2,861E-5
0,233;0,218;5,043E-3;-0,432;154;5,043E-3;1,272E-5
0,250;0,218;-7,564E-3;-1,081;155;-7,564E-3;3,179E-5
0,267;0,218;-3,026E-2;-0,864;156;-3,026E-2;4,609E-4
0,283;0,217;-4,034E-2;-0,605;157;-4,034E-2;8,265E-4
0,300;0,216;-4,539E-2;-0,432;158;-4,539E-2;1,043E-3
0,317;0,215;-5,799E-2;0,303;159;-5,799E-2;1,682E-3
0,334;0,214;-3,782E-2;0,562;160;-3,782E-2;7,152E-4
0,350;0,214;-3,026E-2;-0,519;161;-3,026E-2;4,705E-4
0,367;0,213;-6,051E-2;-0,951;162;-6,051E-2;1,860E-3
0,384;0,212;-6,556E-2;0,000;163;-6,556E-2;2,152E-3
0,400;0,211;-5,547E-2;-0,346;164;-5,547E-2;1,539E-3
0,417;0,210;-7,564E-2;-1,210;165;-7,564E-2;2,864E-3
0,434;0,209;-0,101;-2,075;166;-0,101;5,115E-3
0,450;0,207;-0,139;-1,081;167;-0,139;9,616E-3
0,467;0,204;-0,149;4,322E-2;168;-0,149;1,114E-2
0,484;0,202;-0,126;1,643;169;-0,126;7,960E-3
0,500;0,200;-0,101;-0,864;170;-0,101;5,137E-3
0,517;0,199;-0,139;-0,821;171;-0,139;9,645E-3
0,534;0,195;-0,156;0,000;172;-0,156;1,227E-2
0,550;0,193;-0,116;1,210;173;-0,116;6,806E-3
0,567;0,191;-0,124;-2,377;174;-0,124;7,635E-3
0,584;0,189;-0,187;-0,864;175;-0,187;1,746E-2
0,600;0,185;-0,179;-0,130;176;-0,179;1,610E-2
0,617;0,183;-0,156;8,645E-2;177;-0,156;1,227E-2
0,634;0,180;-0,199;4,322E-2;178;-0,199;1,985E-2
0,650;0,177;-0,154;0,994;179;-0,154;1,184E-2
0,667;0,175;-0,149;1,254;180;-0,149;1,108E-2
0,684;0,172;-0,136;-1,902;181;-0,136;9,273E-3
0,700;0,170;-0,179;-1,686;182;-0,179;1,603E-2
0,717;0,166;-0,232;-1,037;183;-0,232;2,691E-2
0,734;0,163;-0,189;1,340;184;-0,189;1,791E-2
0,750;0,159;-0,192;0,259;185;-0,192;1,836E-2
0,767;0,156;-0,184;1,167;186;-0,184;1,699E-2
0,784;0,153;-0,151;-0,346;187;-0,151;1,156E-2
0,800;0,151;-0,184;-1,599;188;-0,184;1,714E-2
0,817;0,147;-0,224;-0,389;189;-0,224;2,523E-2
0,834;0,144;-0,189;2,464;190;-0,189;1,804E-2
0,850;0,141;-0,141;1,297;191;-0,141;9,997E-3
0,867;0,139;-0,139;-0,475;192;-0,139;9,619E-3
0,884;0,136;-0,166;-1,124;193;-0,166;1,388E-2
0,900;0,133;-0,174;0,475;194;-0,174;1,519E-2
0,917;0,130;-0,154;1,167;195;-0,154;1,184E-2
0,934;0,128;-0,129;0,735;196;-0,129;8,281E-3
0,951;0,126;-0,131;8,645E-2;197;-0,131;8,675E-3
0,967;0,124;-0,129;0,648;198;-0,129;8,297E-3
0,984;0,122;-0,108;0,475;199;-0,108;5,881E-3
1,001;0,120;-0,108;-0,994;200;-0,108;5,928E-3
1,017;0,118;-0,144;-0,908;201;-0,144;1,036E-2
1,034;0,115;-0,146;1,297;202;-0,146;1,069E-2
1,051;0,113;-9,581E-2;3,458;203;-9,581E-2;4,590E-3
1,067;0,112;-3,026E-2;0,692;204;-3,026E-2;6,135E-4
1,084;0,112;-5,799E-2;-0,303;205;-5,799E-2;1,685E-3
1,101;0,110;-7,060E-2;-0,259;206;-7,060E-2;2,696E-3
1,117;0,110;-4,034E-2;0,173;207;-4,034E-2;8,138E-4
1,134;0,109;-7,564E-2;-0,346;208;-7,564E-2;2,861E-3
1,151;0,107;-5,799E-2;0,994;209;-5,799E-2;1,682E-3
1,167;0,107;-3,026E-2;0,778;210;-3,026E-2;4,577E-4
1,184;0,106;-3,782E-2;-0,303;211;-3,782E-2;7,152E-4
1,201;0,106;-4,034E-2;0,605;212;-4,034E-2;8,138E-4
1,217;0,105;-2,017E-2;1,729;213;-2,017E-2;2,034E-4
1,234;0,105;2,017E-2;2,507;214;2,017E-2;2,034E-4
1,251;0,106;6,304E-2;1,081;215;6,304E-2;1,987E-3
1,267;0,107;6,304E-2;4,322E-2;216;6,304E-2;1,987E-3
1,284;0,108;5,295E-2;-0,994;217;5,295E-2;1,405E-3
1,301;0,109;4,034E-2;-8,645E-2;218;4,034E-2;8,170E-4
1,317;0,109;3,782E-2;-0,389;219;3,782E-2;7,152E-4
1,334;0,110;4,034E-2;0,346;220;4,034E-2;8,138E-4
1,351;0,111;3,782E-2;0,216;221;3,782E-2;7,152E-4
1,367;0,112;5,547E-2;0,346;222;5,547E-2;1,539E-3
1,384;0,112;4,791E-2;0,735;223;4,791E-2;1,148E-3
1,401;0,113;7,312E-2;0,821;224;7,312E-2;2,686E-3
1,417;0,115;8,825E-2;1,167;225;8,825E-2;3,945E-3
1,434;0,116;9,834E-2;0,389;226;9,834E-2;4,886E-3
1,451;0,118;0,113;1,340;227;0,113;6,488E-3
1,467;0,120;0,131;0,432;228;0,131;8,595E-3
1,484;0,123;0,141;-0,346;229;0,141;1,008E-2
1,501;0,125;0,111;0,000;230;0,111;6,269E-3
1,517;0,126;0,136;-8,645E-2;231;0,136;9,298E-3
1,534;0,129;0,126;-0,692;232;0,126;7,947E-3
1,551;0,130;9,329E-2;-0,821;233;9,329E-2;4,380E-3
1,568;0,132;0,108;2,032;234;0,108;5,957E-3
1,584;0,134;0,154;2,377;235;0,154;1,191E-2
1,601;0,137;0,199;-0,389;236;0,199;1,987E-2
1,618;0,141;0,144;-1,945;237;0,144;1,033E-2
1,634;0,142;0,113;0,735;238;0,113;6,450E-3
1,651;0,144;0,179;1,426;239;0,179;1,602E-2
1,668;0,148;0,174;-1,254;240;0,174;1,513E-2
1,684;0,150;0,121;-1,470;241;0,121;7,324E-3
1,701;0,152;0,126;1,729;242;0,126;7,950E-3
1,718;0,154;0,179;0,699;243;0,179;1,603E-2
1,734;0,158;0,158;-1,975;244;0,158;1,259E-2
1,751;0,160;8,885E-2;-0,782;245;8,885E-2;3,959E-3
1,768;0,161;0,131;1,810;246;0,131;8,599E-3
1,784;0,164;0,179;0,475;247;0,179;1,602E-2
1,801;0,167;0,139;-1,772;248;0,139;9,616E-3
1,818;0,169;0,113;-0,389;249;0,113;6,440E-3
1,834;0,171;0,129;1,686;250;0,129;8,271E-3
1,851;0,173;0,169;0,908;251;0,169;1,427E-2
1,868;0,177;0,169;-0,648;252;0,169;1,430E-2
1,884;0,179;0,136;-1,643;253;0,136;9,298E-3
1,901;0,181;0,119;-0,735;254;0,119;7,035E-3
1,918;0,183;0,108;-0,130;255;0,108;5,881E-3
1,934;0,185;0,116;8,645E-2;256;0,116;6,755E-3
1,951;0,187;0,113;-1,081;257;0,113;6,466E-3
1,968;0,189;8,069E-2;-2,075;258;8,069E-2;3,306E-3
1,984;0,189;4,034E-2;1,556;259;4,034E-2;1,198E-3
2,001;0,190;0,119;0,735;260;0,119;7,407E-3
2,018;0,193;0,108;-1,081;261;0,108;5,928E-3
2,034;0,193;3,530E-2;-1,729;262;3,530E-2;6,230E-4
2,051;0,195;7,312E-2;0,216;263;7,312E-2;2,673E-3
2,068;0,196;4,539E-2;-0,951;264;4,539E-2;1,033E-3
2,084;0,196;2,774E-2;-0,475;265;2,774E-2;3,878E-4
2,101;0,197;4,034E-2;-0,173;266;4,034E-2;8,170E-4
2,118;0,197;2,017E-2;-1,037;267;2,017E-2;2,066E-4
2,135;0,198;2,521E-3;-0,216;268;2,521E-3;3,179E-6
2,151;0,198;1,261E-2;0,389;269;1,261E-2;7,947E-5
2,168;0,198;2,017E-2;-0,346;270;2,017E-2;2,034E-4
2,185;0,198;0,000;-1,815;271;0,000;1,272E-5
2,201;0,198;-4,034E-2;-1,470;272;-4,034E-2;8,646E-4
2,218;0,197;-5,547E-2;8,645E-2;273;-5,547E-2;1,551E-3
2,235;0,196;-3,278E-2;0,908;274;-3,278E-2;5,372E-4
2,251;0,196;-2,269E-2;0,303;275;-2,269E-2;2,575E-4
2,268;0,195;-2,521E-2;8,645E-2;276;-2,521E-2;3,179E-4
2,285;0,195;-2,017E-2;-0,346;277;-2,017E-2;2,034E-4
2,301;0,195;-3,278E-2;-1,340;278;-3,278E-2;5,404E-4
2,318;0,194;-6,808E-2;-1,167;279;-6,808E-2;2,346E-3
2,335;0,192;-7,564E-2;0,259;280;-7,564E-2;2,940E-3
2,351;0,191;-5,547E-2;0,346;281;-5,547E-2;1,567E-3
2,368;0,191;-6,051E-2;-1,297;282;-6,051E-2;1,831E-3
2,385;0,189;-0,101;-0,951;283;-0,101;5,086E-3
2,401;0,187;-0,101;1,124;284;-0,101;5,086E-3
2,418;0,186;-5,547E-2;1,383;285;-5,547E-2;1,539E-3
2,435;0,185;-5,043E-2;-0,432;286;-5,043E-2;1,272E-3
2,451;0,184;-7,564E-2;-1,815;287;-7,564E-2;2,861E-3
2,468;0,183;-0,108;-1,599;288;-0,108;5,878E-3
2,485;0,181;-0,134;-0,735;289;-0,134;8,929E-3
2,501;0,178;-0,131;0,692;290;-0,131;8,599E-3
2,518;0,176;-0,111;1,037;291;-0,111;6,157E-3
2,535;0,175;-9,329E-2;0,389;292;-9,329E-2;4,352E-3
2,551;0,173;-9,834E-2;-0,303;293;-9,834E-2;4,835E-3
2,568;0,171;-0,106;-1,815;294;-0,106;5,607E-3
2,585;0,170;-0,151;-0,778;295;-0,151;1,146E-2
2,601;0,166;-0,151;1,470;296;-0,151;1,147E-2
2,618;0,165;-8,573E-2;1,729;297;-8,573E-2;3,687E-3
2,635;0,163;-9,077E-2;-0,692;298;-9,077E-2;4,148E-3
2,651;0,162;-0,119;-1,513;299;-0,119;7,022E-3
2,668;0,160;-0,136;0,346;300;-0,136;9,298E-3
2,685;0,157;-0,116;1,210;301;-0,116;6,755E-3
2,701;0,156;-8,321E-2;0,648;302;-8,321E-2;3,474E-3
2,718;0,154;-9,834E-2;-0,994;303;-9,834E-2;4,864E-3
2,735;0,152;-0,119;-0,908;304;-0,119;7,025E-3
2,752;0,150;-0,129;0,303;305;-0,129;8,271E-3
2,768;0,148;-0,111;0,692;306;-0,111;6,167E-3
2,785;0,147;-9,834E-2;-0,821;307;-9,834E-2;4,838E-3
2,802;0,145;-0,139;-0,908;308;-0,139;9,619E-3
2,818;0,142;-0,141;-0,346;309;-0,141;9,972E-3
2,835;0,140;-0,134;1,945;310;-0,134;8,929E-3
2,852;0,138;-9,581E-2;1,902;311;-9,581E-2;4,590E-3
2,868;0,137;-4,791E-2;1,167;312;-4,791E-2;1,148E-3
2,885;0,136;-6,808E-2;-1,340;313;-6,808E-2;2,317E-3
2,902;0,135;-9,077E-2;-0,346;314;-9,077E-2;4,120E-3
2,918;0,133;-8,573E-2;0,432;315;-8,573E-2;3,675E-3
2,935;0,132;-6,808E-2;0,130;316;-6,808E-2;2,317E-3
2,952;0,131;-8,321E-2;-0,821;317;-8,321E-2;3,462E-3
2,968;0,129;-9,834E-2;-0,216;318;-9,834E-2;4,835E-3
2,985;0,127;-9,077E-2;1,210;319;-9,077E-2;4,148E-3
3,002;0,126;-5,799E-2;1,340;320;-5,799E-2;1,710E-3
3,018;0,125;-4,034E-2;1,124;321;-4,034E-2;8,138E-4
3,035;0,125;-2,774E-2;0,908;322;-2,774E-2;3,846E-4
3,052;0,124;-5,043E-3;0,605;323;-5,043E-3;9,219E-5
3,068;0,124;-7,564E-3;-0,648;324;-7,564E-3;1,081E-4
3,085;0,124;-2,774E-2;-0,475;325;-2,774E-2;3,846E-4
3,102;0,124;-2,774E-2;0,562;326;-2,774E-2;3,846E-4
3,118;0,123;-5,043E-3;1,470;327;-5,043E-3;1,272E-5
3,135;0,123;2,017E-2;1,037;328;2,017E-2;2,034E-4
3,152;0,124;3,278E-2;0,562;329;3,278E-2;5,372E-4
3,168;0,124;3,530E-2;0,519;330;3,530E-2;6,262E-4
3,185;0,125;5,043E-2;0,173;331;5,043E-2;1,275E-3
3,202;0,126;4,539E-2;-0,605;332;4,539E-2;1,033E-3
3,218;0,127;2,521E-2;-0,692;333;2,521E-2;3,211E-4
3,235;0,127;2,269E-2;0,303;334;2,269E-2;2,575E-4
3,252;0,127;3,530E-2;0,519;335;3,530E-2;6,230E-4
3,268;0,128;4,286E-2;0,130;336;4,286E-2;9,187E-4
3,285;0,129;3,782E-2;-0,389;337;3,782E-2;7,152E-4
3,302;0,129;3,026E-2;0,173;338;3,026E-2;4,577E-4
3,318;0,130;4,034E-2;1,037;339;4,034E-2;8,170E-4
3,335;0,131;6,808E-2;0,821;340;6,808E-2;2,330E-3
3,352;0,132;7,060E-2;-0,605;341;7,060E-2;2,495E-3
3,369;0,133;4,539E-2;-8,645E-2;342;4,539E-2;1,033E-3
3,385;0,134;6,051E-2;0,951;343;6,051E-2;1,860E-3
3,402;0,135;8,825E-2;0,475;344;8,825E-2;3,907E-3
3,419;0,137;7,312E-2;-0,475;345;7,312E-2;2,673E-3
3,435;0,138;6,808E-2;0,475;346;6,808E-2;2,317E-3
3,452;0,139;9,077E-2;1,037;347;9,077E-2;4,132E-3
3,469;0,141;0,106;0,951;348;0,106;5,620E-3
3,485;0,142;0,119;-0,130;349;0,119;7,022E-3
3,502;0,145;0,108;-0,908;350;0,108;5,878E-3
3,519;0,146;8,069E-2;-1,556;351;8,069E-2;3,255E-3
3,535;0,147;6,051E-2;-0,692;352;6,051E-2;1,831E-3
3,552;0,148;5,295E-2;0,216;353;5,295E-2;1,402E-3
3,569;0,149;7,060E-2;0,951;354;7,060E-2;2,492E-3
3,585;0,150;8,573E-2;0,259;355;8,573E-2;3,678E-3
3,602;0,152;8,069E-2;8,645E-2;356;8,069E-2;3,258E-3
3,619;0,153;8,321E-2;0,475;357;8,321E-2;3,462E-3
3,635;0,155;0,101;1,556;358;0,101;5,099E-3
3,652;0,156;0,131;0,346;359;0,131;8,608E-3
3,669;0,159;0,124;-0,562;360;0,124;7,632E-3
3,685;0,161;9,834E-2;-0,821;361;9,834E-2;4,835E-3
3,702;0,162;0,103;0,130;362;0,103;5,344E-3
3,719;0,164;0,101;-0,432;363;0,101;5,086E-3
3,735;0,166;9,077E-2;-0,864;364;9,077E-2;4,120E-3
3,752;0,167;7,060E-2;-0,692;365;7,060E-2;2,505E-3
3,769;0,168;6,556E-2;-0,346;366;6,556E-2;2,162E-3
3,785;0,169;6,304E-2;4,322E-2;367;6,304E-2;1,987E-3
3,802;0,170;6,304E-2;-4,322E-2;368;6,304E-2;1,987E-3
3,819;0,171;6,556E-2;0,259;369;6,556E-2;2,149E-3
3,835;0,172;6,808E-2;-0,130;370;6,808E-2;2,317E-3
3,852;0,174;6,556E-2;-0,692;371;6,556E-2;2,149E-3
3,869;0,174;4,286E-2;-0,908;372;4,286E-2;9,187E-4
3,885;0,175;3,278E-2;-0,735;373;3,278E-2;6,167E-4
3,902;0,176;2,269E-2;2,550;374;2,269E-2;3,370E-4
3,919;0,176;0,101;1,643;375;0,101;5,242E-3
3,935;0,179;0,116;-2,161;376;0,116;6,930E-3
3,952;0,180;0,000;-3,977;377;0,000;0,000
3,969;0,179;-2,017E-2;-0,173;378;-2,017E-2;2,066E-4
3,986;0,179;5,043E-3;1,729;379;5,043E-3;2,543E-5
4,002;0,179;3,278E-2;0,994;380;3,278E-2;5,658E-4
4,019;0,180;4,539E-2;-0,173;381;4,539E-2;1,033E-3
4,036;0,181;2,269E-2;-0,908;382;2,269E-2;2,575E-4
4,052;0,181;1,261E-2;0,389;383;1,261E-2;9,219E-5
4,069;0,181;3,530E-2;0,173;384;3,530E-2;7,025E-4
4,086;0,182;2,774E-2;-1,254;385;2,774E-2;4,132E-4
4,102;0,182;-1,513E-2;-1,729;386;-1,513E-2;1,272E-4
4,119;0,181;-3,026E-2;-0,519;387;-3,026E-2;4,609E-4
4,136;0,181;-3,026E-2;0,000;388;-3,026E-2;4,705E-4
4,152;0,180;-3,026E-2;-0,519;389;-3,026E-2;4,864E-4
4,169;0,180;-4,539E-2;-0,432;390;-4,539E-2;1,043E-3
4,186;0,179;-5,043E-2;0,259;391;-5,043E-2;1,275E-3
4,202;0,178;-3,278E-2;0,735;392;-3,278E-2;5,499E-4
4,219;0,178;-2,521E-2;0,346;393;-2,521E-2;3,211E-4
4,236;0,177;-2,269E-2;0,216;394;-2,269E-2;2,575E-4
4,252;0,177;-1,765E-2;-4,322E-2;395;-1,765E-2;1,558E-4
4,269;0,177;-2,269E-2;-0,389;396;-2,269E-2;2,575E-4
4,286;0,176;-3,278E-2;-0,475;397;-3,278E-2;5,372E-4
4,302;0,176;-3,782E-2;-0,130;398;-3,782E-2;7,152E-4
4,319;0,175;-3,782E-2;-0,216;399;-3,782E-2;7,152E-4
4,336;0,174;-4,286E-2;-0,303;400;-4,286E-2;9,219E-4
4,352;0,174;-5,043E-2;-0,173;401;-5,043E-2;1,284E-3
4,369;0,173;-4,791E-2;0,389;402;-4,791E-2;1,151E-3
4,386;0,172;-3,782E-2;0,303;403;-3,782E-2;7,184E-4
4,402;0,172;-3,530E-2;0,000;404;-3,530E-2;6,262E-4
4,419;0,171;-4,034E-2;-1,037;405;-4,034E-2;8,138E-4
4,436;0,170;-6,556E-2;-0,778;406;-6,556E-2;2,149E-3
4,452;0,169;-7,564E-2;-0,432;407;-7,564E-2;2,861E-3
4,469;0,168;-7,060E-2;0,576;408;-7,060E-2;2,505E-3
4,486;0,166;-6,003E-2;4,114E-2;409;-6,003E-2;1,814E-3
4,502;0,166;-5,763E-2;0,000;410;-5,763E-2;1,661E-3
4,519;0,164;-7,060E-2;0,329;411;-7,060E-2;2,495E-3
4,536;0,163;-4,791E-2;-0,821;412;-4,791E-2;1,160E-3
4,552;0,163;-8,573E-2;-1,902;413;-8,573E-2;3,726E-3
4,569;0,160;-0,131;;414;-0,131;8,675E-3
4,586;0,158;;;415;;
4,603;;;;;;
4,619;0,158;;;417;;
4,636;0,156;-0,106;;418;-0,106;5,722E-3
4,653;0,155;-6,556E-2;1,988;419;-6,556E-2;2,177E-3
4,669;0,154;-3,782E-2;0,389;420;-3,782E-2;7,152E-4
4,686;0,153;-5,043E-2;-0,692;421;-5,043E-2;1,275E-3
4,703;0,152;-6,808E-2;-0,735;422;-6,808E-2;2,346E-3
4,719;0,151;-7,060E-2;0,519;423;-7,060E-2;2,505E-3
4,736;0,150;-5,547E-2;0,951;424;-5,547E-2;1,539E-3
4,753;0,149;-3,278E-2;0,562;425;-3,278E-2;5,372E-4
4,769;0,149;-3,782E-2;-0,648;426;-3,782E-2;7,152E-4
4,786;0,148;-5,547E-2;-0,605;427;-5,547E-2;1,551E-3
4,803;0,147;-6,051E-2;8,645E-2;428;-6,051E-2;1,860E-3
4,819;0,146;-5,043E-2;0,778;429;-5,043E-2;1,300E-3
4,836;0,145;-3,530E-2;0,605;430;-3,530E-2;6,358E-4
4,853;0,145;-2,774E-2;-0,130;431;-2,774E-2;3,974E-4
4,869;0,144;-4,034E-2;-0,173;432;-4,034E-2;8,265E-4
4,886;0,143;-3,782E-2;0,475;433;-3,782E-2;7,152E-4
4,903;0,143;-2,017E-2;0,519;434;-2,017E-2;2,034E-4
4,919;0,143;-2,017E-2;-1,470;435;-2,017E-2;2,162E-4
4,936;0,142;-6,556E-2;-1,124;436;-6,556E-2;2,162E-3
4,953;0,141;-7,312E-2;0,735;437;-7,312E-2;2,673E-3
4,969;0,140;-2,774E-2;1,945;438;-2,774E-2;3,846E-4
4,986;0,140;-1,009E-2;0,778;439;-1,009E-2;5,086E-5
5,003;0,140;-2,521E-3;0,303;440;-2,521E-3;3,179E-6
5,019;0,140;0,000;8,645E-2;441;0,000;0,000
5,036;0,140;0,000;0,000;442;0,000;0,000
5,053;0,140;0,000;8,645E-2;443;0,000;0,000
5,069;0,140;2,521E-3;0,130;444;2,521E-3;3,179E-6
5,086;0,140;5,043E-3;0,173;445;5,043E-3;1,272E-5
5,103;0,140;7,564E-3;0,562;446;7,564E-3;2,861E-5
5,119;0,140;2,269E-2;0,648;447;2,269E-2;2,575E-4
5,136;0,140;3,278E-2;0,475;448;3,278E-2;5,372E-4
5,153;0,141;3,530E-2;0,173;449;3,530E-2;6,230E-4
5,170;0,142;4,034E-2;-8,645E-2;450;4,034E-2;8,265E-4
5,186;0,142;3,278E-2;-0,475;451;3,278E-2;5,881E-4
5,203;0,143;2,269E-2;-0,562;452;2,269E-2;2,861E-4
5,220;0,143;1,513E-2;-0,519;453;1,513E-2;1,176E-4
5,236;0,143;5,043E-3;0,346;454;5,043E-3;1,272E-5
5,253;0,143;2,269E-2;0,562;455;2,269E-2;2,607E-4
5,270;0,144;3,278E-2;1,167;456;3,278E-2;5,499E-4
5,286;0,144;5,043E-2;0,864;457;5,043E-2;1,300E-3
5,303;0,146;7,312E-2;0,389;458;7,312E-2;2,686E-3
5,320;0,147;5,799E-2;-1,254;459;5,799E-2;1,682E-3
5,336;0,148;3,278E-2;-0,994;460;3,278E-2;5,372E-4
5,353;0,148;2,017E-2;-0,346;461;2,017E-2;2,066E-4
5,370;0,148;2,521E-2;-0,432;462;2,521E-2;3,465E-4
5,386;0,149;7,564E-3;-0,562;463;7,564E-3;4,132E-5
5,403;0,149;0,000;0,778;464;0,000;0,000
5,420;0,149;3,530E-2;1,470;465;3,530E-2;6,262E-4
5,436;0,150;5,547E-2;0,173;466;5,547E-2;1,551E-3
5,453;0,151;3,782E-2;-0,994;467;3,782E-2;7,279E-4
5,470;0,151;2,017E-2;-0,432;468;2,017E-2;2,066E-4
5,486;0,151;2,269E-2;0,216;469;2,269E-2;2,575E-4
5,503;0,152;3,026E-2;1,037;470;3,026E-2;4,577E-4
5,520;0,152;5,295E-2;0,475;471;5,295E-2;1,402E-3
5,536;0,153;5,547E-2;-0,173;472;5,547E-2;1,542E-3
5,553;0,154;3,782E-2;-0,303;473;3,782E-2;7,184E-4
5,570;0,155;4,791E-2;4,322E-2;474;4,791E-2;1,151E-3
5,586;0,156;4,286E-2;0,389;475;4,286E-2;9,219E-4
5,603;0,156;5,295E-2;0,130;476;5,295E-2;1,415E-3
5,620;0,157;5,799E-2;-0,216;477;5,799E-2;1,694E-3
5,636;0,158;3,782E-2;-0,562;478;3,782E-2;7,152E-4
5,653;0,159;4,034E-2;0,519;479;4,034E-2;8,138E-4
5,670;0,159;5,547E-2;1,470;480;5,547E-2;1,539E-3
5,686;0,161;8,825E-2;0,130;481;8,825E-2;3,897E-3
5,703;0,162;7,060E-2;-1,815;482;7,060E-2;2,495E-3
5,720;0,163;1,513E-2;-2,161;483;1,513E-2;1,144E-4
5,736;0,163;0,000;-0,519;484;0,000;0,000
5,753;0,163;0,000;2,134E-2;485;0,000;0,000
5,770;0,163;6,225E-4;-0,428;486;6,225E-4;8,555E-7
5,787;0,163;-1,218E-2;-0,303;487;-1,218E-2;7,685E-5
5,803;0,162;-1,492E-2;1,977;488;-1,492E-2;1,269E-4
5,820;0,162;5,083E-2;1,455;489;5,083E-2;1,312E-3
5,837;0,164;5,506E-2;0,290;490;5,506E-2;1,525E-3
5,853;0,164;3,388E-2;-1,017;491;3,388E-2;5,741E-4
5,870;0,165;4,024E-2;-3,630E-2;492;4,024E-2;8,095E-4
5,887;0,166;2,118E-2;-0,799;493;2,118E-2;2,242E-4
5,903;0,166;1,906E-2;-3,630E-2;494;1,906E-2;1,816E-4
5,920;0,166;1,694E-2;7,261E-2;495;1,694E-2;1,435E-4
5,937;0,167;2,330E-2;-0,182;496;2,330E-2;2,713E-4
5,953;0,167;1,271E-2;-0,436;497;1,271E-2;8,073E-5
5,970;0,167;4,236E-3;-0,363;498;4,236E-3;8,970E-6
5,987;0,167;4,236E-3;-7,261E-2;499;4,236E-3;8,970E-6
6,003;0,167;0,000;-0,508;500;0,000;0,000
6,020;0,167;-1,059E-2;-0,399;501;-1,059E-2;6,503E-5
6,037;0,167;-1,694E-2;7,261E-2;502;-1,694E-2;1,525E-4
6,053;0,167;-6,353E-3;0,254;503;-6,353E-3;2,018E-5
6,070;0,167;-6,353E-3;0,109;504;-6,353E-3;2,018E-5
6,087;0,166;-6,353E-3;0,109;505;-6,353E-3;2,018E-5
6,103;0,166;0,000;-0,290;506;0,000;0,000
6,120;0,166;-1,482E-2;-0,472;507;-1,482E-2;1,099E-4
6,137;0,166;-2,118E-2;-0,218;508;-2,118E-2;2,242E-4
6,153;0,166;-1,694E-2;0,000;509;-1,694E-2;1,435E-4
6,170;0,165;-2,330E-2;0,109;510;-2,330E-2;2,713E-4
6,187;0,165;-1,482E-2;0,399;511;-1,482E-2;1,099E-4
6,203;0,165;-6,353E-3;0,182;512;-6,353E-3;2,018E-5
6,220;0,165;-1,059E-2;-0,617;513;-1,059E-2;5,606E-5
6,237;0,164;-2,541E-2;-7,261E-2;514;-2,541E-2;3,252E-4
6,253;0,164;-1,906E-2;0,399;515;-1,906E-2;1,839E-4
6,270;0,164;-4,236E-3;0,363;516;-4,236E-3;8,970E-6
6,287;0,164;-1,059E-2;-3,630E-2;517;-1,059E-2;5,606E-5
6,303;0,163;-6,353E-3;-3,630E-2;518;-6,353E-3;2,018E-5
6,320;0,163;-8,471E-3;-0,581;519;-8,471E-3;3,588E-5
6,337;0,163;-2,753E-2;-0,254;520;-2,753E-2;3,790E-4
6,353;0,163;-2,118E-2;0,363;521;-2,118E-2;2,242E-4
6,370;0,162;-8,471E-3;0,000;522;-8,471E-3;3,588E-5
6,387;0,162;-2,330E-2;-0,327;523;-2,330E-2;2,713E-4
6,404;0,162;-2,330E-2;-3,630E-2;524;-2,330E-2;2,713E-4
6,420;0,161;-1,906E-2;0,472;525;-1,906E-2;1,816E-4
6,437;0,161;-1,271E-2;7,261E-2;526;-1,271E-2;8,073E-5
6,454;0,161;-1,059E-2;0,254;527;-1,059E-2;5,606E-5
6,470;0,161;-1,059E-2;3,630E-2;528;-1,059E-2;5,606E-5
6,487;0,161;-4,236E-3;0,145;529;-4,236E-3;8,970E-6
6,504;0,161;-8,471E-3;-0,363;530;-8,471E-3;3,588E-5
6,520;0,160;-1,482E-2;-0,908;531;-1,482E-2;1,099E-4
6,537;0,160;-3,812E-2;-0,871;532;-3,812E-2;7,355E-4
6,554;0,159;-4,871E-2;0,182;533;-4,871E-2;1,195E-3
6,570;0,158;-2,965E-2;0,944;534;-2,965E-2;4,395E-4
6,587;0,158;-1,482E-2;0,109;535;-1,482E-2;1,099E-4
6,604;0,158;-2,541E-2;-7,261E-2;536;-2,541E-2;3,229E-4
6,620;0,157;-2,330E-2;0,399;537;-2,330E-2;2,713E-4
6,637;0,157;-6,353E-3;0,690;538;-6,353E-3;2,018E-5
6,654;0,157;-2,118E-3;0,182;539;-2,118E-3;2,242E-6
6,670;0,157;0,000;7,261E-2;540;0,000;0,000
6,687;0,157;0,000;-0,290;541;0,000;0,000
6,704;0,157;-8,471E-3;-0,581;542;-8,471E-3;3,588E-5
6,720;0,157;-2,118E-2;-0,363;543;-2,118E-2;2,242E-4
6,737;0,156;-2,118E-2;-0,218;544;-2,118E-2;2,265E-4
6,754;0,156;-2,541E-2;0,290;545;-2,541E-2;3,319E-4
6,770;0,156;-1,694E-2;0,581;546;-1,694E-2;1,458E-4
6,787;0,156;0,000;0,581;547;0,000;0,000
6,804;0,156;0,000;-0,363;548;0,000;0,000
6,820;0,156;-1,059E-2;-0,327;549;-1,059E-2;5,830E-5
6,837;0,155;-1,482E-2;-0,182;550;-1,482E-2;1,121E-4
6,854;0,155;-1,271E-2;7,261E-2;551;-1,271E-2;8,073E-5
6,870;0,155;-1,482E-2;0,182;552;-1,482E-2;1,099E-4
6,887;0,155;-6,353E-3;0,399;553;-6,353E-3;2,018E-5
6,904;0,155;0,000;0,218;554;0,000;0,000
6,920;0,155;0,000;0,000;555;0,000;0,000
6,937;0,155;0,000;0,000;556;0,000;0,000
6,954;0,155;0,000;0,000;557;0,000;0,000
6,970;0,155;0,000;0,000;558;0,000;0,000
6,987;0,155;0,000;0,000;559;0,000;0,000
7,004;0,155;0,000;0,000;560;0,000;0,000
7,021;0,155;0,000;0,000;561;0,000;0,000
7,037;0,155;0,000;0,000;562;0,000;0,000
7,054;0,155;0,000;0,000;563;0,000;0,000
7,071;0,155;0,000;0,000;564;0,000;0,000
7,087;0,155;0,000;0,000;565;0,000;0,000
7,104;0,155;0,000;0,000;566;0,000;0,000
7,121;0,155;0,000;0,000;567;0,000;0,000
7,137;0,155;0,000;0,000;568;0,000;0,000
7,154;0,155;0,000;;569;0,000;0,000
7,171;0,155;;;570;;
